0 0.000000
1 0.000000
2 0.000000
3 0.000000
4 0.000000
5 0.000000
6 0.000000
7 0.000000
8 0.000000
9 0.000000
10 0.000000
11 0.000000
12 0.000000
13 0.000000
14 0.000000
15 0.000000
16 0.000000
17 0.000000
18 0.000000
19 0.000000
20 0.000000
21 0.000000
22 0.000000
23 0.000000
24 0.000000
25 0.000000
26 0.000000
27 0.000000
28 0.000000
29 0.000000
30 0.000000
31 0.000000
32 0.000000
33 0.000000
34 0.000000
35 0.000000
36 0.000000
37 0.000000
38 0.000000
39 0.000000
40 0.000000
41 0.000000
42 0.000000
43 0.000000
44 0.000000
45 0.000000
46 0.000000
47 0.000000
48 0.000000
49 0.000000
50 0.000000
51 0.000000
52 0.000000
53 0.000000
54 0.000000
55 0.000000
56 0.000000
57 0.000000
58 0.000000
59 0.000000
60 0.000000
61 0.000000
62 0.000000
63 0.000000
64 0.000000
65 0.000000
66 0.000000
67 0.000000
68 0.000000
69 0.000000
70 0.000000
71 0.000000
72 0.000000
73 0.000000
74 0.000000
75 0.000000
76 0.000000
77 0.000000
78 0.000000
79 0.000000
80 0.000000
81 0.000000
82 0.000000
83 0.000004
84 0.000000
85 0.000008
86 0.000000
87 0.000015
88 0.000008
89 0.000008
90 0.000008
91 0.000023
92 0.000031
93 0.000050
94 0.000038
95 0.000080
96 0.000088
97 0.000080
98 0.000118
99 0.000175
100 0.000278
101 0.000340
102 0.000614
103 0.000835
104 0.001110
105 0.001884
106 0.002743
107 0.004280
108 0.006443
109 0.009899
110 0.014198
111 0.017529
112 0.019459
113 0.019958
114 0.018032
115 0.015808
116 0.013817
117 0.012569
118 0.011242
119 0.010990
120 0.010021
121 0.009747
122 0.009632
123 0.009510
124 0.009037
125 0.009602
126 0.009995
127 0.010281
128 0.010426
129 0.010246
130 0.010265
131 0.010159
132 0.009663
133 0.009781
134 0.009495
135 0.008945
136 0.008926
137 0.009209
138 0.008995
139 0.009106
140 0.009560
141 0.009533
142 0.009628
143 0.009838
144 0.010288
145 0.010487
146 0.010754
147 0.010704
148 0.011101
149 0.011547
150 0.011150
151 0.011265
152 0.011219
153 0.011505
154 0.011742
155 0.011974
156 0.012272
157 0.012447
158 0.012352
159 0.012074
160 0.012386
161 0.012394
162 0.012074
163 0.011650
164 0.012184
165 0.011982
166 0.012402
167 0.012150
168 0.011890
169 0.011250
170 0.011028
171 0.010296
172 0.010273
173 0.009560
174 0.009174
175 0.008926
176 0.008194
177 0.007862
178 0.006721
179 0.006073
180 0.005207
181 0.004768
182 0.004089
183 0.003738
184 0.003529
185 0.003448
186 0.003204
187 0.003395
188 0.003201
189 0.003086
190 0.002934
191 0.003056
192 0.002922
193 0.002846
194 0.002926
195 0.002697
196 0.002537
197 0.002815
198 0.002625
199 0.002529
200 0.002655
201 0.002506
202 0.002377
203 0.002373
204 0.002502
205 0.002232
206 0.002251
207 0.002270
208 0.002338
209 0.002460
210 0.002365
211 0.002449
212 0.002369
213 0.002308
214 0.002407
215 0.002502
216 0.002598
217 0.002609
218 0.002605
219 0.002857
220 0.002575
221 0.002510
222 0.002472
223 0.002720
224 0.002441
225 0.002483
226 0.002380
227 0.002453
228 0.002518
229 0.002483
230 0.002544
231 0.002319
232 0.002220
233 0.002270
234 0.002331
235 0.002247
236 0.002167
237 0.002228
238 0.002014
239 0.001831
240 0.001724
241 0.001774
242 0.001682
243 0.001755
244 0.001575
245 0.001583
246 0.001587
247 0.001606
248 0.001472
249 0.001507
250 0.001415
251 0.001411
252 0.001320
253 0.001148
254 0.001038
255 0.009899
