0 0.001350
1 0.004444
2 0.002743
3 0.004280
4 0.000000
5 0.006443
6 0.000000
7 0.009899
8 0.000000
9 0.000000
10 0.000000
11 0.014198
12 0.000000
13 0.000000
14 0.000000
15 0.000000
16 0.017529
17 0.000000
18 0.000000
19 0.000000
20 0.019459
21 0.000000
22 0.000000
23 0.000000
24 0.000000
25 0.000000
26 0.019958
27 0.000000
28 0.000000
29 0.000000
30 0.018032
31 0.000000
32 0.000000
33 0.000000
34 0.015808
35 0.000000
36 0.000000
37 0.000000
38 0.013817
39 0.000000
40 0.000000
41 0.012569
42 0.000000
43 0.000000
44 0.011242
45 0.000000
46 0.000000
47 0.010990
48 0.000000
49 0.010021
50 0.000000
51 0.000000
52 0.009747
53 0.000000
54 0.009632
55 0.000000
56 0.000000
57 0.009510
58 0.000000
59 0.009037
60 0.000000
61 0.009602
62 0.000000
63 0.000000
64 0.009995
65 0.000000
66 0.010281
67 0.000000
68 0.000000
69 0.010426
70 0.000000
71 0.000000
72 0.010246
73 0.000000
74 0.010265
75 0.000000
76 0.000000
77 0.010159
78 0.000000
79 0.009663
80 0.000000
81 0.000000
82 0.009781
83 0.000000
84 0.009495
85 0.000000
86 0.000000
87 0.008945
88 0.000000
89 0.008926
90 0.000000
91 0.009209
92 0.000000
93 0.000000
94 0.008995
95 0.000000
96 0.009106
97 0.000000
98 0.009560
99 0.000000
100 0.000000
101 0.009533
102 0.000000
103 0.009628
104 0.000000
105 0.000000
106 0.009838
107 0.000000
108 0.010288
109 0.000000
110 0.000000
111 0.010487
112 0.000000
113 0.000000
114 0.010754
115 0.000000
116 0.010704
117 0.000000
118 0.000000
119 0.011101
120 0.000000
121 0.000000
122 0.011547
123 0.000000
124 0.000000
125 0.011150
126 0.000000
127 0.000000
128 0.011265
129 0.000000
130 0.000000
131 0.011219
132 0.000000
133 0.000000
134 0.011505
135 0.000000
136 0.000000
137 0.011742
138 0.000000
139 0.000000
140 0.011974
141 0.000000
142 0.000000
143 0.012272
144 0.000000
145 0.000000
146 0.012447
147 0.000000
148 0.000000
149 0.012352
150 0.000000
151 0.000000
152 0.012074
153 0.000000
154 0.000000
155 0.012386
156 0.000000
157 0.000000
158 0.000000
159 0.012394
160 0.000000
161 0.000000
162 0.012074
163 0.000000
164 0.000000
165 0.011650
166 0.000000
167 0.000000
168 0.012184
169 0.000000
170 0.000000
171 0.011982
172 0.000000
173 0.000000
174 0.012402
175 0.000000
176 0.000000
177 0.012150
178 0.000000
179 0.000000
180 0.011890
181 0.000000
182 0.000000
183 0.011250
184 0.000000
185 0.000000
186 0.011028
187 0.000000
188 0.010296
189 0.000000
190 0.000000
191 0.010273
192 0.000000
193 0.009560
194 0.000000
195 0.000000
196 0.009174
197 0.000000
198 0.008926
199 0.000000
200 0.008194
201 0.000000
202 0.007862
203 0.000000
204 0.006721
205 0.006073
206 0.000000
207 0.005207
208 0.004768
209 0.004089
210 0.003738
211 0.003529
212 0.003448
213 0.006599
214 0.003201
215 0.003086
216 0.002934
217 0.005978
218 0.002846
219 0.005623
220 0.002537
221 0.002815
222 0.005154
223 0.005161
224 0.002377
225 0.004875
226 0.004482
227 0.002270
228 0.004799
229 0.002365
230 0.004818
231 0.004715
232 0.002502
233 0.005207
234 0.002605
235 0.005432
236 0.002510
237 0.005192
238 0.002441
239 0.004864
240 0.004971
241 0.002483
242 0.004864
243 0.004490
244 0.002331
245 0.004414
246 0.004242
247 0.003555
248 0.005211
249 0.003159
250 0.004665
251 0.002922
252 0.004917
253 0.000000
254 0.000000
255 0.009899
