0 0.003486
1 0.000000
2 0.010561
3 0.000000
4 0.110867
5 0.000000
6 0.200181
7 0.000000
8 0.069347
9 0.000000
10 0.043867
11 0.000000
12 0.033100
13 0.000000
14 0.026778
15 0.000000
16 0.022753
17 0.000000
18 0.022353
19 0.000000
20 0.022867
21 0.000000
22 0.024169
23 0.000000
24 0.024539
25 0.000000
26 0.024836
27 0.000000
28 0.024461
29 0.000000
30 0.023706
31 0.000000
32 0.023219
33 0.000000
34 0.023050
35 0.000000
36 0.022358
37 0.000000
38 0.021281
39 0.000000
40 0.018956
41 0.000000
42 0.017903
43 0.000000
44 0.015667
45 0.000000
46 0.013903
47 0.000000
48 0.011914
49 0.000000
50 0.010958
51 0.000000
52 0.010036
53 0.000000
54 0.009433
55 0.000000
56 0.008494
57 0.000000
58 0.007544
59 0.000000
60 0.006694
61 0.000000
62 0.006075
63 0.000000
64 0.005364
65 0.000000
66 0.004803
67 0.000000
68 0.004297
69 0.000000
70 0.003769
71 0.003353
72 0.000000
73 0.003050
74 0.002533
75 0.000000
76 0.002372
77 0.002136
78 0.001842
79 0.000000
80 0.001878
81 0.001681
82 0.001417
83 0.001278
84 0.001197
85 0.001231
86 0.000953
87 0.001008
88 0.001014
89 0.000817
90 0.000983
91 0.000861
92 0.000903
93 0.000739
94 0.000786
95 0.000711
96 0.000733
97 0.000764
98 0.000711
99 0.000803
100 0.000706
101 0.000700
102 0.000761
103 0.000644
104 0.001392
105 0.000678
106 0.000675
107 0.000714
108 0.000661
109 0.000661
110 0.000647
111 0.000675
112 0.000603
113 0.000625
114 0.000531
115 0.000597
116 0.001036
117 0.000478
118 0.000411
119 0.000400
120 0.000292
121 0.000328
122 0.000325
123 0.000661
124 0.000264
125 0.000303
126 0.000275
127 0.000258
128 0.000486
129 0.000208
130 0.000231
131 0.000247
132 0.000478
133 0.000214
134 0.000219
135 0.000239
136 0.000169
137 0.000300
138 0.000167
139 0.000142
140 0.000153
141 0.000319
142 0.000139
143 0.000092
144 0.000128
145 0.000231
146 0.000100
147 0.000136
148 0.000108
149 0.000211
150 0.000094
151 0.000081
152 0.000189
153 0.000075
154 0.000069
155 0.000078
156 0.000158
157 0.000072
158 0.000092
159 0.000081
160 0.000139
161 0.000081
162 0.000075
163 0.000111
164 0.000072
165 0.000058
166 0.000053
167 0.000114
168 0.000064
169 0.000061
170 0.000106
171 0.000069
172 0.000050
173 0.000056
174 0.000119
175 0.000042
176 0.000058
177 0.000114
178 0.000072
179 0.000067
180 0.000042
181 0.000142
182 0.000050
183 0.000047
184 0.000122
185 0.000044
186 0.000064
187 0.000061
188 0.000092
189 0.000064
190 0.000069
191 0.000139
192 0.000119
193 0.000089
194 0.000069
195 0.000161
196 0.000075
197 0.000083
198 0.000064
199 0.000142
200 0.000075
201 0.000069
202 0.000153
203 0.000064
204 0.000069
205 0.000075
206 0.000111
207 0.000058
208 0.000056
209 0.000058
210 0.000114
211 0.000050
212 0.000042
213 0.000089
214 0.000053
215 0.000028
216 0.000075
217 0.000036
218 0.000039
219 0.000042
220 0.000075
221 0.000033
222 0.000033
223 0.000089
224 0.000042
225 0.000042
226 0.000036
227 0.000072
228 0.000022
229 0.000056
230 0.000069
231 0.000042
232 0.000033
233 0.000039
234 0.000081
235 0.000042
236 0.000028
237 0.000083
238 0.000069
239 0.000047
240 0.000078
241 0.000133
242 0.000053
243 0.000086
244 0.000161
245 0.000100
246 0.000086
247 0.000103
248 0.000236
249 0.000167
250 0.000100
251 0.000156
252 0.000281
253 0.000194
254 0.000217
255 0.000794
