0 0.000078
1 0.004978
2 0.004542
3 0.012086
4 0.101881
5 0.055981
6 0.099000
7 0.086067
8 0.021469
9 0.059197
10 0.010822
11 0.036283
12 0.012478
13 0.029344
14 0.012439
15 0.024556
16 0.011472
17 0.019269
18 0.011219
19 0.017211
20 0.010908
21 0.015183
22 0.010714
23 0.013536
24 0.009953
25 0.013047
26 0.008914
27 0.011306
28 0.007783
29 0.010408
30 0.006978
31 0.008856
32 0.006161
33 0.007906
34 0.005564
35 0.007081
36 0.005175
37 0.006303
38 0.004631
39 0.005842
40 0.004214
41 0.005231
42 0.003850
43 0.004556
44 0.003678
45 0.004411
46 0.003308
47 0.004122
48 0.003231
49 0.003653
50 0.002925
51 0.003375
52 0.002542
53 0.003250
54 0.002436
55 0.002922
56 0.002325
57 0.003061
58 0.002114
59 0.002825
60 0.002075
61 0.002692
62 0.002053
63 0.002347
64 0.002061
65 0.002144
66 0.001758
67 0.002283
68 0.001867
69 0.001967
70 0.001672
71 0.001867
72 0.001714
73 0.001778
74 0.001906
75 0.001764
76 0.001742
77 0.001714
78 0.001589
79 0.001736
80 0.001597
81 0.001567
82 0.001519
83 0.001586
84 0.001550
85 0.001581
86 0.001592
87 0.001639
88 0.001456
89 0.001319
90 0.001303
91 0.001369
92 0.001422
93 0.001308
94 0.001261
95 0.001347
96 0.001264
97 0.001328
98 0.001264
99 0.001111
100 0.001194
101 0.001050
102 0.001017
103 0.001086
104 0.000975
105 0.000989
106 0.000958
107 0.000964
108 0.000858
109 0.000872
110 0.000928
111 0.000864
112 0.000942
113 0.000844
114 0.000903
115 0.000733
116 0.000753
117 0.000739
118 0.000731
119 0.000731
120 0.000725
121 0.000697
122 0.000694
123 0.000733
124 0.000708
125 0.000667
126 0.000622
127 0.000619
128 0.000697
129 0.000603
130 0.000636
131 0.000636
132 0.000544
133 0.000519
134 0.000619
135 0.000556
136 0.000558
137 0.000525
138 0.000539
139 0.000572
140 0.000481
141 0.000544
142 0.000564
143 0.000492
144 0.000461
145 0.000550
146 0.000494
147 0.000481
148 0.000497
149 0.000483
150 0.000464
151 0.000458
152 0.000456
153 0.000372
154 0.000461
155 0.000361
156 0.000350
157 0.000375
158 0.000369
159 0.000336
160 0.000403
161 0.000356
162 0.000322
163 0.000331
164 0.000394
165 0.000353
166 0.000353
167 0.000375
168 0.000289
169 0.000325
170 0.000331
171 0.000358
172 0.000344
173 0.000322
174 0.000353
175 0.000364
176 0.000372
177 0.000297
178 0.000314
179 0.000350
180 0.000383
181 0.000367
182 0.000389
183 0.000356
184 0.000269
185 0.000247
186 0.000225
187 0.000278
188 0.000242
189 0.000239
190 0.000264
191 0.000228
192 0.000211
193 0.000164
194 0.000200
195 0.000197
196 0.000169
197 0.000197
198 0.000178
199 0.000206
200 0.000158
201 0.000181
202 0.000158
203 0.000139
204 0.000136
205 0.000147
206 0.000169
207 0.000142
208 0.000089
209 0.000100
210 0.000158
211 0.000111
212 0.000122
213 0.000131
214 0.000094
215 0.000111
216 0.000117
217 0.000100
218 0.000111
219 0.000133
220 0.000117
221 0.000086
222 0.000114
223 0.000083
224 0.000117
225 0.000086
226 0.000117
227 0.000097
228 0.000089
229 0.000089
230 0.000089
231 0.000092
232 0.000067
233 0.000078
234 0.000086
235 0.000089
236 0.000122
237 0.000103
238 0.000078
239 0.000083
240 0.000108
241 0.000089
242 0.000125
243 0.000097
244 0.000136
245 0.000108
246 0.000067
247 0.000136
248 0.000111
249 0.000111
250 0.000131
251 0.000169
252 0.000114
253 0.000172
254 0.000294
255 0.000217
