0 0.021123
1 0.000000
2 0.066553
3 0.000000
4 0.151077
5 0.000000
6 0.077552
7 0.000000
8 0.061436
9 0.000000
10 0.048910
11 0.000000
12 0.043594
13 0.000000
14 0.040745
15 0.000000
16 0.032874
17 0.000000
18 0.025443
19 0.000000
20 0.022764
21 0.000000
22 0.019046
23 0.000000
24 0.016878
25 0.000000
26 0.015345
27 0.000000
28 0.014391
29 0.000000
30 0.013213
31 0.000000
32 0.012790
33 0.000000
34 0.012923
35 0.000000
36 0.013447
37 0.000000
38 0.013564
39 0.000000
40 0.013936
41 0.000000
42 0.012308
43 0.000000
44 0.012380
45 0.000000
46 0.011589
47 0.000000
48 0.011820
49 0.000000
50 0.012389
51 0.000000
52 0.012660
53 0.000000
54 0.012327
55 0.000000
56 0.011917
57 0.000000
58 0.011191
59 0.000000
60 0.010690
61 0.000000
62 0.009359
63 0.000000
64 0.008610
65 0.000000
66 0.007643
67 0.000000
68 0.006676
69 0.000000
70 0.006696
71 0.000000
72 0.005771
73 0.000000
74 0.005563
75 0.000000
76 0.004782
77 0.000000
78 0.004717
79 0.000000
80 0.004479
81 0.000000
82 0.004212
83 0.000000
84 0.004095
85 0.004115
86 0.000000
87 0.003737
88 0.000000
89 0.003626
90 0.003457
91 0.000000
92 0.003070
93 0.002835
94 0.000000
95 0.002682
96 0.002288
97 0.002402
98 0.000000
99 0.002383
100 0.002061
101 0.002158
102 0.002018
103 0.000000
104 0.001686
105 0.001742
106 0.001611
107 0.001341
108 0.001309
109 0.001204
110 0.000970
111 0.000732
112 0.000768
113 0.000645
114 0.001133
115 0.000537
116 0.000511
117 0.000514
118 0.000433
119 0.000830
120 0.000439
121 0.000335
122 0.000352
123 0.000430
124 0.000889
125 0.000446
126 0.000485
127 0.000394
128 0.000358
129 0.000794
130 0.000319
131 0.000260
132 0.000238
133 0.000498
134 0.000270
135 0.000189
136 0.000378
137 0.000179
138 0.000212
139 0.000339
140 0.000186
141 0.000127
142 0.000124
143 0.000326
144 0.000094
145 0.000124
146 0.000293
147 0.000107
148 0.000150
149 0.000218
150 0.000127
151 0.000085
152 0.000254
153 0.000133
154 0.000098
155 0.000186
156 0.000094
157 0.000169
158 0.000081
159 0.000075
160 0.000160
161 0.000078
162 0.000078
163 0.000182
164 0.000098
165 0.000091
166 0.000146
167 0.000059
168 0.000085
169 0.000163
170 0.000091
171 0.000055
172 0.000140
173 0.000075
174 0.000042
175 0.000143
176 0.000062
177 0.000104
178 0.000052
179 0.000042
180 0.000140
181 0.000068
182 0.000072
183 0.000163
184 0.000059
185 0.000055
186 0.000120
187 0.000088
188 0.000104
189 0.000065
190 0.000062
191 0.000107
192 0.000049
193 0.000055
194 0.000137
195 0.000029
196 0.000046
197 0.000094
198 0.000062
199 0.000111
200 0.000023
201 0.000052
202 0.000094
203 0.000046
204 0.000075
205 0.000120
206 0.000029
207 0.000052
208 0.000137
209 0.000049
210 0.000091
211 0.000046
212 0.000039
213 0.000094
214 0.000039
215 0.000039
216 0.000081
217 0.000042
218 0.000039
219 0.000065
220 0.000039
221 0.000049
222 0.000039
223 0.000029
224 0.000052
225 0.000042
226 0.000046
227 0.000062
228 0.000023
229 0.000049
230 0.000026
231 0.000029
232 0.000055
233 0.000020
234 0.000036
235 0.000075
236 0.000016
237 0.000052
238 0.000023
239 0.000033
240 0.000072
241 0.000049
242 0.000033
243 0.000036
244 0.000036
245 0.000049
246 0.000042
247 0.000046
248 0.000078
249 0.000081
250 0.000052
251 0.000101
252 0.000068
253 0.000104
254 0.000228
255 0.000114
