0 0.005003
1 0.013161
2 0.152256
3 0.189842
4 0.079689
5 0.043661
6 0.036389
7 0.033378
8 0.027992
9 0.024650
10 0.020972
11 0.018292
12 0.017542
13 0.016256
14 0.016689
15 0.015542
16 0.014694
17 0.014450
18 0.013436
19 0.012683
20 0.011925
21 0.011086
22 0.010336
23 0.009447
24 0.008578
25 0.007794
26 0.006956
27 0.006656
28 0.005889
29 0.005503
30 0.004956
31 0.004611
32 0.004333
33 0.004147
34 0.003750
35 0.003725
36 0.003417
37 0.003431
38 0.003106
39 0.003047
40 0.003014
41 0.002919
42 0.002856
43 0.002883
44 0.002667
45 0.002681
46 0.002406
47 0.002403
48 0.002261
49 0.002317
50 0.002167
51 0.001956
52 0.001969
53 0.001933
54 0.001831
55 0.001931
56 0.001775
57 0.001769
58 0.001644
59 0.001681
60 0.001711
61 0.001600
62 0.001597
63 0.001569
64 0.001500
65 0.001561
66 0.001494
67 0.001308
68 0.001444
69 0.001344
70 0.001258
71 0.001269
72 0.001214
73 0.001158
74 0.001231
75 0.001083
76 0.000972
77 0.001036
78 0.000994
79 0.000942
80 0.000961
81 0.000933
82 0.000933
83 0.000875
84 0.000936
85 0.000878
86 0.000808
87 0.000842
88 0.000792
89 0.000744
90 0.000767
91 0.000686
92 0.000758
93 0.000656
94 0.000533
95 0.000581
96 0.000625
97 0.000656
98 0.000575
99 0.000597
100 0.000517
101 0.000492
102 0.000500
103 0.000478
104 0.000486
105 0.000417
106 0.000406
107 0.000419
108 0.000422
109 0.000500
110 0.000389
111 0.000419
112 0.000431
113 0.000439
114 0.000386
115 0.000389
116 0.000392
117 0.000378
118 0.000378
119 0.000319
120 0.000333
121 0.000369
122 0.000325
123 0.000275
124 0.000311
125 0.000253
126 0.000286
127 0.000264
128 0.000253
129 0.000258
130 0.000269
131 0.000247
132 0.000244
133 0.000236
134 0.000208
135 0.000206
136 0.000219
137 0.000167
138 0.000150
139 0.000197
140 0.000206
141 0.000178
142 0.000169
143 0.000153
144 0.000161
145 0.000119
146 0.000164
147 0.000153
148 0.000122
149 0.000175
150 0.000178
151 0.000111
152 0.000136
153 0.000144
154 0.000128
155 0.000128
156 0.000114
157 0.000144
158 0.000125
159 0.000089
160 0.000092
161 0.000100
162 0.000117
163 0.000117
164 0.000156
165 0.000058
166 0.000094
167 0.000100
168 0.000106
169 0.000081
170 0.000122
171 0.000094
172 0.000094
173 0.000119
174 0.000069
175 0.000089
176 0.000103
177 0.000111
178 0.000089
179 0.000100
180 0.000092
181 0.000083
182 0.000092
183 0.000081
184 0.000075
185 0.000067
186 0.000083
187 0.000094
188 0.000106
189 0.000075
190 0.000081
191 0.000067
192 0.000089
193 0.000097
194 0.000094
195 0.000083
196 0.000089
197 0.000067
198 0.000075
199 0.000075
200 0.000067
201 0.000061
202 0.000072
203 0.000081
204 0.000064
205 0.000072
206 0.000069
207 0.000050
208 0.000056
209 0.000081
210 0.000039
211 0.000044
212 0.000067
213 0.000083
214 0.000058
215 0.000061
216 0.000036
217 0.000050
218 0.000053
219 0.000069
220 0.000067
221 0.000061
222 0.000036
223 0.000033
224 0.000053
225 0.000069
226 0.000042
227 0.000036
228 0.000053
229 0.000056
230 0.000047
231 0.000033
232 0.000061
233 0.000050
234 0.000047
235 0.000031
236 0.000039
237 0.000039
238 0.000058
239 0.000039
240 0.000050
241 0.000064
242 0.000064
243 0.000067
244 0.000069
245 0.000056
246 0.000072
247 0.000097
248 0.000106
249 0.000083
250 0.000086
251 0.000150
252 0.000150
253 0.000136
254 0.000117
255 0.000497
