0 0.000023
1 0.021107
2 0.008522
3 0.058385
4 0.020007
5 0.132760
6 0.015537
7 0.067044
8 0.017507
9 0.049977
10 0.015778
11 0.040514
12 0.014564
13 0.032936
14 0.012526
15 0.026800
16 0.009453
17 0.022630
18 0.009033
19 0.018434
20 0.009323
21 0.017285
22 0.010010
23 0.016579
24 0.011348
25 0.016025
26 0.011979
27 0.015322
28 0.011882
29 0.013747
30 0.010381
31 0.012751
32 0.009993
33 0.011657
34 0.009076
35 0.010075
36 0.008141
37 0.008887
38 0.007018
39 0.007298
40 0.006484
41 0.006543
42 0.005758
43 0.005498
44 0.004974
45 0.004847
46 0.004808
47 0.004505
48 0.004313
49 0.004219
50 0.004105
51 0.004053
52 0.003737
53 0.003685
54 0.003691
55 0.003604
56 0.003480
57 0.003395
58 0.003141
59 0.002959
60 0.003193
61 0.002995
62 0.002868
63 0.003050
64 0.002816
65 0.002611
66 0.002604
67 0.002298
68 0.002227
69 0.002233
70 0.002126
71 0.002041
72 0.002129
73 0.001956
74 0.001969
75 0.001781
76 0.001738
77 0.001689
78 0.001510
79 0.001663
80 0.001572
81 0.001423
82 0.001484
83 0.001328
84 0.001286
85 0.001237
86 0.001302
87 0.001146
88 0.001042
89 0.001162
90 0.001077
91 0.001104
92 0.001107
93 0.001032
94 0.000996
95 0.000788
96 0.000967
97 0.000892
98 0.000898
99 0.000804
100 0.000781
101 0.000732
102 0.000618
103 0.000680
104 0.000599
105 0.000540
106 0.000589
107 0.000505
108 0.000488
109 0.000459
110 0.000368
111 0.000426
112 0.000352
113 0.000381
114 0.000361
115 0.000342
116 0.000277
117 0.000339
118 0.000293
119 0.000264
120 0.000286
121 0.000283
122 0.000257
123 0.000267
124 0.000244
125 0.000195
126 0.000218
127 0.000202
128 0.000166
129 0.000215
130 0.000176
131 0.000218
132 0.000173
133 0.000163
134 0.000182
135 0.000218
136 0.000189
137 0.000160
138 0.000176
139 0.000143
140 0.000160
141 0.000104
142 0.000153
143 0.000120
144 0.000133
145 0.000098
146 0.000137
147 0.000153
148 0.000124
149 0.000156
150 0.000111
151 0.000104
152 0.000127
153 0.000130
154 0.000094
155 0.000098
156 0.000098
157 0.000098
158 0.000078
159 0.000094
160 0.000085
161 0.000072
162 0.000091
163 0.000107
164 0.000094
165 0.000098
166 0.000098
167 0.000107
168 0.000081
169 0.000075
170 0.000088
171 0.000068
172 0.000088
173 0.000085
174 0.000052
175 0.000085
176 0.000078
177 0.000068
178 0.000068
179 0.000078
180 0.000081
181 0.000052
182 0.000065
183 0.000081
184 0.000085
185 0.000072
186 0.000104
187 0.000049
188 0.000075
189 0.000065
190 0.000049
191 0.000049
192 0.000059
193 0.000062
194 0.000059
195 0.000081
196 0.000072
197 0.000059
198 0.000091
199 0.000078
200 0.000081
201 0.000055
202 0.000052
203 0.000068
204 0.000046
205 0.000042
206 0.000059
207 0.000062
208 0.000065
209 0.000039
210 0.000039
211 0.000068
212 0.000049
213 0.000042
214 0.000036
215 0.000036
216 0.000033
217 0.000062
218 0.000046
219 0.000055
220 0.000036
221 0.000036
222 0.000039
223 0.000046
224 0.000052
225 0.000059
226 0.000039
227 0.000036
228 0.000023
229 0.000036
230 0.000059
231 0.000036
232 0.000036
233 0.000049
234 0.000026
235 0.000036
236 0.000039
237 0.000029
238 0.000075
239 0.000049
240 0.000029
241 0.000039
242 0.000052
243 0.000046
244 0.000046
245 0.000039
246 0.000046
247 0.000055
248 0.000055
249 0.000068
250 0.000062
251 0.000062
252 0.000098
253 0.000111
254 0.000078
255 0.000039
