0 0.021123
1 0.066553
2 0.151077
3 0.077552
4 0.061436
5 0.048910
6 0.043594
7 0.040745
8 0.032874
9 0.025443
10 0.022764
11 0.019046
12 0.016878
13 0.015345
14 0.014391
15 0.013213
16 0.012790
17 0.012923
18 0.013447
19 0.013564
20 0.013936
21 0.012308
22 0.012380
23 0.011589
24 0.011820
25 0.012389
26 0.012660
27 0.012327
28 0.011917
29 0.011191
30 0.010690
31 0.009359
32 0.008610
33 0.007643
34 0.006676
35 0.006696
36 0.005771
37 0.005563
38 0.004782
39 0.004717
40 0.004479
41 0.004212
42 0.004095
43 0.004115
44 0.003737
45 0.003626
46 0.003457
47 0.003070
48 0.002835
49 0.002682
50 0.002288
51 0.002402
52 0.002383
53 0.002061
54 0.002158
55 0.002018
56 0.001686
57 0.001742
58 0.001611
59 0.001341
60 0.001309
61 0.001204
62 0.000970
63 0.000732
64 0.000768
65 0.000645
66 0.000557
67 0.000576
68 0.000537
69 0.000511
70 0.000514
71 0.000433
72 0.000456
73 0.000374
74 0.000439
75 0.000335
76 0.000352
77 0.000430
78 0.000449
79 0.000439
80 0.000446
81 0.000485
82 0.000394
83 0.000358
84 0.000374
85 0.000420
86 0.000319
87 0.000260
88 0.000238
89 0.000273
90 0.000225
91 0.000270
92 0.000189
93 0.000195
94 0.000182
95 0.000179
96 0.000212
97 0.000163
98 0.000176
99 0.000186
100 0.000127
101 0.000124
102 0.000153
103 0.000173
104 0.000094
105 0.000124
106 0.000143
107 0.000150
108 0.000107
109 0.000150
110 0.000130
111 0.000088
112 0.000127
113 0.000085
114 0.000140
115 0.000114
116 0.000133
117 0.000098
118 0.000078
119 0.000107
120 0.000094
121 0.000081
122 0.000088
123 0.000081
124 0.000075
125 0.000094
126 0.000065
127 0.000078
128 0.000078
129 0.000085
130 0.000098
131 0.000098
132 0.000091
133 0.000068
134 0.000078
135 0.000059
136 0.000085
137 0.000075
138 0.000088
139 0.000091
140 0.000055
141 0.000065
142 0.000075
143 0.000075
144 0.000042
145 0.000068
146 0.000075
147 0.000062
148 0.000036
149 0.000068
150 0.000052
151 0.000042
152 0.000065
153 0.000075
154 0.000068
155 0.000072
156 0.000078
157 0.000085
158 0.000059
159 0.000055
160 0.000052
161 0.000068
162 0.000088
163 0.000039
164 0.000065
165 0.000065
166 0.000062
167 0.000042
168 0.000065
169 0.000049
170 0.000055
171 0.000072
172 0.000065
173 0.000029
174 0.000046
175 0.000049
176 0.000046
177 0.000062
178 0.000055
179 0.000055
180 0.000023
181 0.000052
182 0.000029
183 0.000065
184 0.000046
185 0.000075
186 0.000052
187 0.000068
188 0.000029
189 0.000052
190 0.000088
191 0.000049
192 0.000049
193 0.000049
194 0.000042
195 0.000046
196 0.000039
197 0.000042
198 0.000052
199 0.000039
200 0.000039
201 0.000026
202 0.000055
203 0.000042
204 0.000039
205 0.000026
206 0.000039
207 0.000039
208 0.000033
209 0.000016
210 0.000039
211 0.000029
212 0.000026
213 0.000026
214 0.000042
215 0.000046
216 0.000029
217 0.000033
218 0.000023
219 0.000020
220 0.000029
221 0.000026
222 0.000029
223 0.000026
224 0.000029
225 0.000020
226 0.000036
227 0.000036
228 0.000039
229 0.000016
230 0.000039
231 0.000013
232 0.000023
233 0.000033
234 0.000042
235 0.000029
236 0.000049
237 0.000033
238 0.000013
239 0.000023
240 0.000036
241 0.000026
242 0.000023
243 0.000042
244 0.000046
245 0.000046
246 0.000033
247 0.000081
248 0.000052
249 0.000049
250 0.000052
251 0.000068
252 0.000104
253 0.000124
254 0.000104
255 0.000114
