0 0.005003
1 0.000000
2 0.013161
3 0.000000
4 0.152256
5 0.000000
6 0.189842
7 0.000000
8 0.079689
9 0.000000
10 0.043661
11 0.000000
12 0.036389
13 0.000000
14 0.033378
15 0.000000
16 0.027992
17 0.000000
18 0.024650
19 0.000000
20 0.020972
21 0.000000
22 0.018292
23 0.000000
24 0.017542
25 0.000000
26 0.016256
27 0.000000
28 0.016689
29 0.000000
30 0.015542
31 0.000000
32 0.014694
33 0.000000
34 0.014450
35 0.000000
36 0.013436
37 0.000000
38 0.012683
39 0.000000
40 0.011925
41 0.000000
42 0.011086
43 0.000000
44 0.010336
45 0.000000
46 0.009447
47 0.000000
48 0.008578
49 0.000000
50 0.007794
51 0.000000
52 0.006956
53 0.000000
54 0.006656
55 0.000000
56 0.005889
57 0.000000
58 0.005503
59 0.000000
60 0.004956
61 0.000000
62 0.004611
63 0.000000
64 0.004333
65 0.000000
66 0.004147
67 0.003750
68 0.000000
69 0.003725
70 0.000000
71 0.003417
72 0.003431
73 0.000000
74 0.003106
75 0.003047
76 0.000000
77 0.003014
78 0.002919
79 0.002856
80 0.000000
81 0.002883
82 0.002667
83 0.000000
84 0.002681
85 0.002406
86 0.002403
87 0.000000
88 0.002261
89 0.002317
90 0.002167
91 0.001956
92 0.000000
93 0.001969
94 0.001933
95 0.001831
96 0.001931
97 0.001775
98 0.001769
99 0.000000
100 0.001644
101 0.001681
102 0.001711
103 0.001600
104 0.001597
105 0.001569
106 0.001500
107 0.001561
108 0.001494
109 0.000000
110 0.001308
111 0.001444
112 0.001344
113 0.001258
114 0.001269
115 0.001214
116 0.001158
117 0.001231
118 0.001083
119 0.000972
120 0.001036
121 0.000994
122 0.001903
123 0.000933
124 0.000933
125 0.000875
126 0.000936
127 0.000878
128 0.000808
129 0.000842
130 0.000792
131 0.000744
132 0.000767
133 0.001444
134 0.000656
135 0.000533
136 0.000581
137 0.000625
138 0.000656
139 0.001172
140 0.000517
141 0.000492
142 0.000500
143 0.000478
144 0.000903
145 0.000406
146 0.000419
147 0.000422
148 0.000889
149 0.000419
150 0.000431
151 0.000439
152 0.000775
153 0.000392
154 0.000378
155 0.000378
156 0.000653
157 0.000369
158 0.000325
159 0.000275
160 0.000564
161 0.000286
162 0.000264
163 0.000511
164 0.000269
165 0.000247
166 0.000481
167 0.000208
168 0.000206
169 0.000386
170 0.000150
171 0.000197
172 0.000383
173 0.000169
174 0.000153
175 0.000281
176 0.000164
177 0.000153
178 0.000297
179 0.000178
180 0.000111
181 0.000281
182 0.000128
183 0.000128
184 0.000258
185 0.000125
186 0.000181
187 0.000100
188 0.000117
189 0.000272
190 0.000058
191 0.000094
192 0.000206
193 0.000081
194 0.000217
195 0.000094
196 0.000119
197 0.000158
198 0.000103
199 0.000111
200 0.000189
201 0.000092
202 0.000175
203 0.000081
204 0.000075
205 0.000150
206 0.000094
207 0.000181
208 0.000081
209 0.000067
210 0.000186
211 0.000094
212 0.000083
213 0.000156
214 0.000075
215 0.000142
216 0.000061
217 0.000072
218 0.000144
219 0.000072
220 0.000119
221 0.000056
222 0.000081
223 0.000083
224 0.000067
225 0.000142
226 0.000061
227 0.000036
228 0.000103
229 0.000069
230 0.000128
231 0.000036
232 0.000033
233 0.000122
234 0.000042
235 0.000089
236 0.000056
237 0.000047
238 0.000094
239 0.000050
240 0.000078
241 0.000039
242 0.000039
243 0.000097
244 0.000050
245 0.000128
246 0.000067
247 0.000069
248 0.000128
249 0.000097
250 0.000106
251 0.000169
252 0.000150
253 0.000286
254 0.000117
255 0.000497
