0 0.000089
1 0.003539
2 0.003931
3 0.014547
4 0.071042
5 0.051153
6 0.121222
7 0.063731
8 0.020050
9 0.050258
10 0.013786
11 0.033164
12 0.011764
13 0.025214
14 0.011286
15 0.020661
16 0.012481
17 0.018069
18 0.014628
19 0.018169
20 0.015392
21 0.018008
22 0.016042
23 0.017778
24 0.015217
25 0.016703
26 0.014800
27 0.015372
28 0.013819
29 0.013558
30 0.012444
31 0.012389
32 0.010750
33 0.010694
34 0.009431
35 0.009639
36 0.008267
37 0.008383
38 0.006972
39 0.007897
40 0.006775
41 0.006928
42 0.005664
43 0.006553
44 0.005400
45 0.005997
46 0.005072
47 0.005278
48 0.004614
49 0.004719
50 0.004125
51 0.004244
52 0.004006
53 0.003647
54 0.003511
55 0.003281
56 0.003192
57 0.003017
58 0.002625
59 0.002619
60 0.002544
61 0.002522
62 0.002328
63 0.002261
64 0.002081
65 0.002017
66 0.001964
67 0.001847
68 0.001744
69 0.001592
70 0.001542
71 0.001469
72 0.001383
73 0.001269
74 0.001117
75 0.001181
76 0.001044
77 0.001103
78 0.001025
79 0.001011
80 0.000872
81 0.000900
82 0.000828
83 0.000836
84 0.000808
85 0.000747
86 0.000767
87 0.000769
88 0.000850
89 0.000633
90 0.000775
91 0.000739
92 0.000725
93 0.000661
94 0.000736
95 0.000786
96 0.000653
97 0.000708
98 0.000644
99 0.000642
100 0.000669
101 0.000561
102 0.000625
103 0.000656
104 0.000594
105 0.000553
106 0.000472
107 0.000431
108 0.000414
109 0.000422
110 0.000431
111 0.000467
112 0.000408
113 0.000356
114 0.000389
115 0.000400
116 0.000389
117 0.000403
118 0.000333
119 0.000328
120 0.000342
121 0.000311
122 0.000364
123 0.000308
124 0.000292
125 0.000292
126 0.000272
127 0.000286
128 0.000286
129 0.000231
130 0.000253
131 0.000306
132 0.000289
133 0.000342
134 0.000261
135 0.000269
136 0.000239
137 0.000244
138 0.000225
139 0.000231
140 0.000247
141 0.000189
142 0.000217
143 0.000233
144 0.000253
145 0.000206
146 0.000208
147 0.000244
148 0.000219
149 0.000231
150 0.000192
151 0.000186
152 0.000203
153 0.000153
154 0.000161
155 0.000183
156 0.000203
157 0.000167
158 0.000203
159 0.000158
160 0.000153
161 0.000158
162 0.000156
163 0.000172
164 0.000142
165 0.000147
166 0.000161
167 0.000133
168 0.000169
169 0.000183
170 0.000158
171 0.000144
172 0.000136
173 0.000119
174 0.000122
175 0.000142
176 0.000114
177 0.000125
178 0.000119
179 0.000128
180 0.000108
181 0.000097
182 0.000083
183 0.000075
184 0.000081
185 0.000078
186 0.000089
187 0.000044
188 0.000086
189 0.000064
190 0.000072
191 0.000089
192 0.000061
193 0.000075
194 0.000083
195 0.000050
196 0.000097
197 0.000061
198 0.000061
199 0.000058
200 0.000069
201 0.000053
202 0.000050
203 0.000053
204 0.000047
205 0.000061
206 0.000064
207 0.000053
208 0.000050
209 0.000056
210 0.000050
211 0.000050
212 0.000069
213 0.000044
214 0.000042
215 0.000075
216 0.000078
217 0.000044
218 0.000058
219 0.000056
220 0.000056
221 0.000044
222 0.000058
223 0.000069
224 0.000047
225 0.000067
226 0.000064
227 0.000108
228 0.000069
229 0.000061
230 0.000058
231 0.000067
232 0.000075
233 0.000061
234 0.000097
235 0.000064
236 0.000075
237 0.000047
238 0.000081
239 0.000072
240 0.000083
241 0.000056
242 0.000111
243 0.000083
244 0.000100
245 0.000094
246 0.000128
247 0.000108
248 0.000111
249 0.000133
250 0.000117
251 0.000142
252 0.000125
253 0.000219
254 0.000661
255 0.000139
