0 0.003486
1 0.010561
2 0.110867
3 0.200181
4 0.069347
5 0.043867
6 0.033100
7 0.026778
8 0.022753
9 0.022353
10 0.022867
11 0.024169
12 0.024539
13 0.024836
14 0.024461
15 0.023706
16 0.023219
17 0.023050
18 0.022358
19 0.021281
20 0.018956
21 0.017903
22 0.015667
23 0.013903
24 0.011914
25 0.010958
26 0.010036
27 0.009433
28 0.008494
29 0.007544
30 0.006694
31 0.006075
32 0.005364
33 0.004803
34 0.004297
35 0.003769
36 0.003353
37 0.003050
38 0.002533
39 0.002372
40 0.002136
41 0.001842
42 0.001878
43 0.001681
44 0.001417
45 0.001278
46 0.001197
47 0.001231
48 0.000953
49 0.001008
50 0.001014
51 0.000817
52 0.000983
53 0.000861
54 0.000903
55 0.000739
56 0.000786
57 0.000711
58 0.000733
59 0.000764
60 0.000711
61 0.000803
62 0.000706
63 0.000700
64 0.000761
65 0.000644
66 0.000747
67 0.000644
68 0.000678
69 0.000675
70 0.000714
71 0.000661
72 0.000661
73 0.000647
74 0.000675
75 0.000603
76 0.000625
77 0.000531
78 0.000597
79 0.000544
80 0.000492
81 0.000478
82 0.000411
83 0.000400
84 0.000292
85 0.000328
86 0.000325
87 0.000339
88 0.000322
89 0.000264
90 0.000303
91 0.000275
92 0.000258
93 0.000233
94 0.000253
95 0.000208
96 0.000231
97 0.000247
98 0.000233
99 0.000244
100 0.000214
101 0.000219
102 0.000239
103 0.000169
104 0.000183
105 0.000117
106 0.000167
107 0.000142
108 0.000153
109 0.000158
110 0.000161
111 0.000139
112 0.000092
113 0.000128
114 0.000119
115 0.000111
116 0.000100
117 0.000136
118 0.000108
119 0.000119
120 0.000092
121 0.000094
122 0.000081
123 0.000114
124 0.000075
125 0.000075
126 0.000069
127 0.000078
128 0.000069
129 0.000089
130 0.000072
131 0.000092
132 0.000081
133 0.000075
134 0.000064
135 0.000081
136 0.000075
137 0.000053
138 0.000058
139 0.000072
140 0.000058
141 0.000053
142 0.000064
143 0.000050
144 0.000064
145 0.000061
146 0.000050
147 0.000056
148 0.000069
149 0.000050
150 0.000056
151 0.000069
152 0.000050
153 0.000042
154 0.000058
155 0.000061
156 0.000053
157 0.000072
158 0.000067
159 0.000042
160 0.000067
161 0.000075
162 0.000050
163 0.000047
164 0.000075
165 0.000047
166 0.000044
167 0.000064
168 0.000061
169 0.000042
170 0.000050
171 0.000064
172 0.000069
173 0.000083
174 0.000056
175 0.000119
176 0.000089
177 0.000069
178 0.000078
179 0.000083
180 0.000075
181 0.000083
182 0.000064
183 0.000083
184 0.000058
185 0.000075
186 0.000069
187 0.000097
188 0.000056
189 0.000064
190 0.000069
191 0.000075
192 0.000061
193 0.000050
194 0.000058
195 0.000056
196 0.000058
197 0.000056
198 0.000058
199 0.000050
200 0.000042
201 0.000056
202 0.000033
203 0.000053
204 0.000028
205 0.000033
206 0.000042
207 0.000036
208 0.000039
209 0.000042
210 0.000014
211 0.000061
212 0.000033
213 0.000033
214 0.000050
215 0.000039
216 0.000042
217 0.000042
218 0.000036
219 0.000036
220 0.000036
221 0.000022
222 0.000056
223 0.000028
224 0.000042
225 0.000042
226 0.000033
227 0.000039
228 0.000039
229 0.000042
230 0.000042
231 0.000028
232 0.000036
233 0.000047
234 0.000069
235 0.000047
236 0.000078
237 0.000047
238 0.000086
239 0.000053
240 0.000086
241 0.000094
242 0.000067
243 0.000100
244 0.000086
245 0.000103
246 0.000111
247 0.000125
248 0.000167
249 0.000100
250 0.000156
251 0.000125
252 0.000156
253 0.000194
254 0.000217
255 0.000794
